1 -33 33
2 -99 -97
3 -59 50
4 0 14
5 -17 -66
6 -69 -19
7 31 12
8 5 -41
9 -12 10
10 -64 70
11 -12 85
12 -18 64
13 -77 -16
14 -53 88
15 83 -24
16 24 41
17 17 21
18 42 96
19 -65 0
20 -47 -26
21 85 36
22 -35 -54
23 54 -21
24 64 -17
25 55 89
26 17 -25
27 -61 66
28 -61 26
29 17 -72
30 79 38
31 -62 -2
32 -90 -68
33 52 66
34 -54 -50
35 8 -84
36 37 -90
37 -83 49
38 35 -1
39 7 59
40 12 48
41 57 95
42 92 28
43 -3 97
44 -7 52
45 42 -15
46 77 -43
47 59 -49
48 25 91
49 69 -19
50 -82 -14
51 74 -70
52 69 59
53 29 33
54 -97 9
55 -58 9
56 28 93
57 7 73
58 -28 73
59 -76 55
60 41 42
61 92 40
62 -84 -29
63 -12 42
64 51 -45
65 -37 46
66 -97 35
67 14 89
68 60 58
69 -63 -75
70 -18 34
71 -46 -82
72 -86 -79
73 -43 -30
74 -44 7
75 -3 -20
76 36 41
77 -30 -94
78 79 -62
79 51 70
80 -61 -26
81 6 94
82 -19 -62
83 -20 51
84 -81 37
85 7 31
86 52 12
87 83 -91
88 -7 -92
89 82 -74
90 -70 85
91 -83 -30
92 71 -61
93 85 11
94 66 -48
95 78 -87
96 9 -79
97 -36 4
98 66 39
99 92 -17
100 -46 -79
101 -30 -63
102 -42 63
103 20 42
104 15 98
105 1 -17
106 64 20
107 -96 85
108 93 -29
109 -40 -84
110 86 35
111 91 36
112 62 -8
113 -24 4
114 11 96
115 -53 62
116 -28 -71
117 7 -4
118 95 -9
119 -3 17
120 53 -90
121 58 -19
122 -83 84
123 -1 49
124 -4 17
125 -82 -3
126 -43 47
127 6 -6
128 70 99
129 68 -29
130 -94 -30
131 -94 -20
132 -21 77
133 64 37
134 -70 -19
135 88 65
136 2 29
137 33 57
138 -70 6
139 -38 -56
140 -80 -95
141 -5 -39
142 8 -22
143 -61 -76
144 76 -22
145 49 -71
146 -30 -68
147 1 34
148 77 79
149 -58 64
150 82 -97
151 -80 55
152 81 -86
153 39 -49
154 -67 72
155 -25 -89
156 -44 -95
157 32 -68
158 -17 49
159 93 49
160 99 81
161 10 -49
162 63 -41
163 38 39
164 -28 39
165 -2 -47
166 38 8
167 -42 -6
168 -67 88
169 19 93
170 40 27
171 -61 56
172 43 33
173 -18 -39
174 -69 19
175 75 -18
176 31 85
177 25 58
178 -16 36
179 91 15
180 60 -39
181 49 -47
182 42 33
183 16 -81
184 -78 53
185 53 -80
186 -46 -26
187 -25 -54
188 69 -46
189 0 -78
190 -84 74
191 -16 16
192 -63 -14
193 51 -77
194 -39 61
195 5 97
196 -55 39
197 70 -14
198 0 95
199 -45 7
200 38 -24
201 50 -37
202 59 71
203 -73 -96
204 -29 72
205 -47 12
206 -88 -61
207 -88 36
208 -46 -3
209 26 -37
210 -39 -67
211 92 27
212 -80 -31
213 93 -50
214 -20 -5
215 -22 73
216 -4 -7
217 54 -48
218 -70 39
219 54 -82
220 29 41
221 -87 51
222 -96 -36
223 49 8
224 -5 54
225 -26 43
226 -11 60
227 40 61
228 82 35
229 -92 12
230 -93 -86
231 -66 63
232 -72 -87
233 -57 -84
234 23 52
235 -56 -62
236 -19 59
237 63 -14
238 -13 38
239 -19 87
240 44 -84
241 98 -17
242 -16 62
243 3 66
244 26 22
245 -38 -81
246 70 80
247 17 -35
248 96 -83
249 -77 80
250 -14 44
251 33 -33
252 -50 60
253 -50 -60
254 75 0
255 0 75
256 -75 0 
257 0 -75 
258 70 0 
259 40 80 
260 40 -80
261 -60 20 
262 -60 -20
